
pb_array
[[0.000e+00 0.000e+00 0.000e+00]
 [1.000e+00 1.000e-02 0.000e+00]
 [2.000e+00 2.000e-02 0.000e+00]
 [3.000e+00 3.000e-02 0.000e+00]
 [4.000e+00 4.000e-02 0.000e+00]
 [5.000e+00 5.000e-02 0.000e+00]
 [6.000e+00 6.000e-02 0.000e+00]
 [7.000e+00 7.000e-02 0.000e+00]
 [8.000e+00 8.000e-02 0.000e+00]
 [9.000e+00 9.000e-02 0.000e+00]
 [1.000e+01 1.000e-01 0.000e+00]
 [1.100e+01 1.100e-01 0.000e+00]
 [1.200e+01 1.200e-01 0.000e+00]
 [1.300e+01 1.300e-01 0.000e+00]
 [1.400e+01 1.400e-01 0.000e+00]
 [1.500e+01 1.500e-01 0.000e+00]
 [1.600e+01 1.600e-01 0.000e+00]
 [1.700e+01 1.700e-01 0.000e+00]
 [1.800e+01 1.800e-01 0.000e+00]
 [1.900e+01 1.900e-01 0.000e+00]
 [2.000e+01 2.000e-01 0.000e+00]
 [2.100e+01 2.100e-01 0.000e+00]
 [2.200e+01 2.200e-01 0.000e+00]
 [2.300e+01 2.300e-01 0.000e+00]
 [2.400e+01 2.400e-01 0.000e+00]
 [2.500e+01 2.500e-01 0.000e+00]
 [2.600e+01 2.600e-01 0.000e+00]
 [2.700e+01 2.700e-01 0.000e+00]
 [2.800e+01 2.800e-01 0.000e+00]
 [2.900e+01 2.900e-01 0.000e+00]
 [3.000e+01 3.000e-01 0.000e+00]
 [3.100e+01 3.100e-01 0.000e+00]
 [3.200e+01 3.200e-01 0.000e+00]
 [3.300e+01 3.300e-01 0.000e+00]
 [3.400e+01 3.400e-01 0.000e+00]
 [3.500e+01 3.500e-01 0.000e+00]
 [3.600e+01 3.600e-01 0.000e+00]
 [3.700e+01 3.700e-01 0.000e+00]
 [3.800e+01 3.800e-01 0.000e+00]
 [3.900e+01 3.900e-01 0.000e+00]
 [4.000e+01 4.000e-01 0.000e+00]
 [4.100e+01 4.100e-01 0.000e+00]
 [4.200e+01 4.200e-01 0.000e+00]
 [4.300e+01 4.300e-01 0.000e+00]
 [4.400e+01 4.400e-01 0.000e+00]
 [4.500e+01 4.500e-01 0.000e+00]
 [4.600e+01 4.600e-01 0.000e+00]
 [4.700e+01 4.700e-01 0.000e+00]
 [4.800e+01 4.800e-01 0.000e+00]
 [4.900e+01 4.900e-01 0.000e+00]
 [5.000e+01 5.000e-01 0.000e+00]
 [5.100e+01 5.100e-01 0.000e+00]
 [5.200e+01 5.200e-01 0.000e+00]
 [5.300e+01 5.300e-01 0.000e+00]
 [5.400e+01 5.400e-01 0.000e+00]
 [5.500e+01 5.500e-01 0.000e+00]
 [5.600e+01 5.600e-01 0.000e+00]
 [5.700e+01 5.700e-01 0.000e+00]
 [5.800e+01 5.800e-01 0.000e+00]
 [5.900e+01 5.900e-01 0.000e+00]
 [6.000e+01 6.000e-01 0.000e+00]
 [6.100e+01 6.100e-01 0.000e+00]
 [6.200e+01 6.200e-01 0.000e+00]
 [6.300e+01 6.300e-01 0.000e+00]
 [6.400e+01 6.400e-01 0.000e+00]
 [6.500e+01 6.500e-01 0.000e+00]
 [6.600e+01 6.600e-01 0.000e+00]
 [6.700e+01 6.700e-01 0.000e+00]
 [6.800e+01 6.800e-01 0.000e+00]
 [6.900e+01 6.900e-01 0.000e+00]
 [7.000e+01 7.000e-01 0.000e+00]
 [7.100e+01 7.100e-01 0.000e+00]
 [7.200e+01 7.200e-01 0.000e+00]
 [7.300e+01 7.300e-01 0.000e+00]
 [7.400e+01 7.400e-01 0.000e+00]
 [7.500e+01 7.500e-01 0.000e+00]
 [7.600e+01 7.600e-01 0.000e+00]
 [7.700e+01 7.700e-01 0.000e+00]
 [7.800e+01 7.800e-01 0.000e+00]
 [7.900e+01 7.900e-01 0.000e+00]
 [8.000e+01 8.000e-01 0.000e+00]
 [8.100e+01 8.100e-01 0.000e+00]
 [8.200e+01 8.200e-01 0.000e+00]
 [8.300e+01 8.300e-01 0.000e+00]
 [8.400e+01 8.400e-01 0.000e+00]
 [8.500e+01 8.500e-01 0.000e+00]
 [8.600e+01 8.600e-01 0.000e+00]
 [8.700e+01 8.700e-01 0.000e+00]
 [8.800e+01 8.800e-01 0.000e+00]
 [8.900e+01 8.900e-01 0.000e+00]
 [9.000e+01 9.000e-01 0.000e+00]
 [9.100e+01 9.100e-01 0.000e+00]
 [9.200e+01 9.200e-01 0.000e+00]
 [9.300e+01 9.300e-01 0.000e+00]
 [9.400e+01 9.400e-01 0.000e+00]
 [9.500e+01 9.500e-01 0.000e+00]
 [9.600e+01 9.600e-01 0.000e+00]
 [9.700e+01 9.700e-01 0.000e+00]
 [9.800e+01 9.800e-01 0.000e+00]
 [9.900e+01 9.900e-01 0.000e+00]
 [1.000e+02 1.000e+00 0.000e+00]
 [1.010e+02 1.010e+00 0.000e+00]
 [1.020e+02 1.020e+00 0.000e+00]
 [1.030e+02 1.030e+00 0.000e+00]
 [1.040e+02 1.040e+00 0.000e+00]
 [1.050e+02 1.050e+00 0.000e+00]
 [1.060e+02 1.060e+00 0.000e+00]
 [1.070e+02 1.070e+00 0.000e+00]
 [1.080e+02 1.080e+00 0.000e+00]
 [1.090e+02 1.090e+00 0.000e+00]
 [1.100e+02 1.100e+00 0.000e+00]
 [1.110e+02 1.110e+00 0.000e+00]
 [1.120e+02 1.120e+00 0.000e+00]
 [1.130e+02 1.130e+00 0.000e+00]
 [1.140e+02 1.140e+00 0.000e+00]
 [1.150e+02 1.150e+00 0.000e+00]
 [1.160e+02 1.160e+00 0.000e+00]
 [1.170e+02 1.170e+00 0.000e+00]
 [1.180e+02 1.180e+00 0.000e+00]
 [1.190e+02 1.190e+00 0.000e+00]
 [1.200e+02 1.200e+00 0.000e+00]
 [1.210e+02 1.210e+00 0.000e+00]
 [1.220e+02 1.220e+00 0.000e+00]
 [1.230e+02 1.230e+00 0.000e+00]
 [1.240e+02 1.240e+00 0.000e+00]
 [1.250e+02 1.250e+00 0.000e+00]
 [1.260e+02 1.260e+00 0.000e+00]
 [1.270e+02 1.270e+00 0.000e+00]
 [1.280e+02 1.280e+00 0.000e+00]
 [1.290e+02 1.290e+00 0.000e+00]
 [1.300e+02 1.300e+00 0.000e+00]
 [1.310e+02 1.310e+00 0.000e+00]
 [1.320e+02 1.320e+00 0.000e+00]
 [1.330e+02 1.330e+00 0.000e+00]
 [1.340e+02 1.340e+00 0.000e+00]
 [1.350e+02 1.350e+00 0.000e+00]
 [1.360e+02 1.360e+00 0.000e+00]
 [1.370e+02 1.370e+00 0.000e+00]
 [1.380e+02 1.380e+00 0.000e+00]
 [1.390e+02 1.390e+00 0.000e+00]
 [1.400e+02 1.400e+00 0.000e+00]
 [1.410e+02 1.410e+00 0.000e+00]
 [1.420e+02 1.420e+00 0.000e+00]
 [1.430e+02 1.430e+00 0.000e+00]
 [1.440e+02 1.440e+00 0.000e+00]
 [1.450e+02 1.450e+00 0.000e+00]
 [1.460e+02 1.460e+00 0.000e+00]
 [1.470e+02 1.470e+00 0.000e+00]
 [1.480e+02 1.480e+00 0.000e+00]
 [1.490e+02 1.490e+00 0.000e+00]
 [1.500e+02 1.500e+00 0.000e+00]
 [1.510e+02 1.510e+00 0.000e+00]
 [1.520e+02 1.520e+00 0.000e+00]
 [1.530e+02 1.530e+00 0.000e+00]
 [1.540e+02 1.540e+00 0.000e+00]
 [1.550e+02 1.550e+00 0.000e+00]
 [1.560e+02 1.560e+00 0.000e+00]
 [1.570e+02 1.570e+00 0.000e+00]
 [1.580e+02 1.580e+00 0.000e+00]
 [1.590e+02 1.590e+00 0.000e+00]
 [1.600e+02 1.600e+00 0.000e+00]
 [1.610e+02 1.610e+00 0.000e+00]
 [1.620e+02 1.620e+00 0.000e+00]
 [1.630e+02 1.630e+00 0.000e+00]
 [1.640e+02 1.640e+00 0.000e+00]
 [1.650e+02 1.650e+00 0.000e+00]
 [1.660e+02 1.660e+00 0.000e+00]
 [1.670e+02 1.670e+00 0.000e+00]
 [1.680e+02 1.680e+00 0.000e+00]
 [1.690e+02 1.690e+00 0.000e+00]
 [1.700e+02 1.700e+00 0.000e+00]
 [1.710e+02 1.710e+00 0.000e+00]
 [1.720e+02 1.720e+00 0.000e+00]
 [1.730e+02 1.730e+00 0.000e+00]
 [1.740e+02 1.740e+00 0.000e+00]
 [1.750e+02 1.750e+00 0.000e+00]
 [1.760e+02 1.760e+00 0.000e+00]
 [1.770e+02 1.770e+00 0.000e+00]
 [1.780e+02 1.780e+00 0.000e+00]
 [1.790e+02 1.790e+00 0.000e+00]
 [1.800e+02 1.800e+00 0.000e+00]
 [1.810e+02 1.810e+00 0.000e+00]
 [1.820e+02 1.820e+00 0.000e+00]
 [1.830e+02 1.830e+00 0.000e+00]
 [1.840e+02 1.840e+00 0.000e+00]
 [1.850e+02 1.850e+00 0.000e+00]
 [1.860e+02 1.860e+00 0.000e+00]
 [1.870e+02 1.870e+00 0.000e+00]
 [1.880e+02 1.880e+00 0.000e+00]
 [1.890e+02 1.890e+00 0.000e+00]
 [1.900e+02 1.900e+00 0.000e+00]
 [1.910e+02 1.910e+00 0.000e+00]
 [1.920e+02 1.920e+00 0.000e+00]
 [1.930e+02 1.930e+00 0.000e+00]
 [1.940e+02 1.940e+00 0.000e+00]
 [1.950e+02 1.950e+00 0.000e+00]
 [1.960e+02 1.960e+00 0.000e+00]
 [1.970e+02 1.970e+00 0.000e+00]
 [1.980e+02 1.980e+00 0.000e+00]
 [1.990e+02 1.990e+00 0.000e+00]
 [2.000e+02 2.000e+00 0.000e+00]
 [2.010e+02 2.010e+00 0.000e+00]
 [2.020e+02 2.020e+00 0.000e+00]
 [2.030e+02 2.030e+00 0.000e+00]
 [2.040e+02 2.040e+00 0.000e+00]
 [2.050e+02 2.050e+00 0.000e+00]
 [2.060e+02 2.060e+00 0.000e+00]
 [2.070e+02 2.070e+00 0.000e+00]
 [2.080e+02 2.080e+00 0.000e+00]
 [2.090e+02 2.090e+00 0.000e+00]
 [2.100e+02 2.100e+00 0.000e+00]
 [2.110e+02 2.110e+00 0.000e+00]
 [2.120e+02 2.120e+00 0.000e+00]
 [2.130e+02 2.130e+00 0.000e+00]
 [2.140e+02 2.140e+00 0.000e+00]
 [2.150e+02 2.150e+00 0.000e+00]
 [2.160e+02 2.160e+00 0.000e+00]
 [2.170e+02 2.170e+00 0.000e+00]
 [2.180e+02 2.180e+00 0.000e+00]
 [2.190e+02 2.190e+00 0.000e+00]
 [2.200e+02 2.200e+00 0.000e+00]
 [2.210e+02 2.210e+00 0.000e+00]
 [2.220e+02 2.220e+00 0.000e+00]
 [2.230e+02 2.230e+00 0.000e+00]
 [2.240e+02 2.240e+00 0.000e+00]
 [2.250e+02 2.250e+00 0.000e+00]
 [2.260e+02 2.260e+00 0.000e+00]
 [2.270e+02 2.270e+00 0.000e+00]
 [2.280e+02 2.280e+00 0.000e+00]
 [2.290e+02 2.290e+00 0.000e+00]
 [2.300e+02 2.300e+00 0.000e+00]
 [2.310e+02 2.310e+00 0.000e+00]
 [2.320e+02 2.320e+00 0.000e+00]
 [2.330e+02 2.330e+00 0.000e+00]
 [2.340e+02 2.340e+00 0.000e+00]
 [2.350e+02 2.350e+00 0.000e+00]
 [2.360e+02 2.360e+00 0.000e+00]
 [2.370e+02 2.370e+00 0.000e+00]
 [2.380e+02 2.380e+00 0.000e+00]
 [2.390e+02 2.390e+00 0.000e+00]
 [2.400e+02 2.400e+00 0.000e+00]
 [2.410e+02 2.410e+00 0.000e+00]
 [2.420e+02 2.420e+00 0.000e+00]
 [2.430e+02 2.430e+00 0.000e+00]
 [2.440e+02 2.440e+00 0.000e+00]
 [2.450e+02 2.450e+00 0.000e+00]
 [2.460e+02 2.460e+00 0.000e+00]
 [2.470e+02 2.470e+00 0.000e+00]
 [2.480e+02 2.480e+00 0.000e+00]
 [2.490e+02 2.490e+00 0.000e+00]
 [2.500e+02 2.500e+00 0.000e+00]
 [2.510e+02 2.510e+00 0.000e+00]
 [2.520e+02 2.520e+00 0.000e+00]
 [2.530e+02 2.530e+00 0.000e+00]
 [2.540e+02 2.540e+00 0.000e+00]
 [2.550e+02 2.550e+00 0.000e+00]
 [2.560e+02 2.560e+00 0.000e+00]
 [2.570e+02 2.570e+00 0.000e+00]
 [2.580e+02 2.580e+00 0.000e+00]
 [2.590e+02 2.590e+00 0.000e+00]
 [2.600e+02 2.600e+00 0.000e+00]
 [2.610e+02 2.610e+00 0.000e+00]
 [2.620e+02 2.620e+00 0.000e+00]
 [2.630e+02 2.630e+00 0.000e+00]
 [2.640e+02 2.640e+00 0.000e+00]
 [2.650e+02 2.650e+00 0.000e+00]
 [2.660e+02 2.660e+00 0.000e+00]
 [2.670e+02 2.670e+00 0.000e+00]
 [2.680e+02 2.680e+00 0.000e+00]
 [2.690e+02 2.690e+00 0.000e+00]
 [2.700e+02 2.700e+00 0.000e+00]
 [2.710e+02 2.710e+00 0.000e+00]
 [2.720e+02 2.720e+00 0.000e+00]
 [2.730e+02 2.730e+00 0.000e+00]
 [2.740e+02 2.740e+00 0.000e+00]
 [2.750e+02 2.750e+00 0.000e+00]
 [2.760e+02 2.760e+00 0.000e+00]
 [2.770e+02 2.770e+00 0.000e+00]
 [2.780e+02 2.780e+00 0.000e+00]
 [2.790e+02 2.790e+00 0.000e+00]
 [2.800e+02 2.800e+00 0.000e+00]
 [2.810e+02 2.810e+00 0.000e+00]
 [2.820e+02 2.820e+00 0.000e+00]
 [2.830e+02 2.830e+00 0.000e+00]
 [2.840e+02 2.840e+00 0.000e+00]
 [2.850e+02 2.850e+00 0.000e+00]
 [2.860e+02 2.860e+00 0.000e+00]
 [2.870e+02 2.870e+00 0.000e+00]
 [2.880e+02 2.880e+00 0.000e+00]
 [2.890e+02 2.890e+00 0.000e+00]
 [2.900e+02 2.900e+00 0.000e+00]
 [2.910e+02 2.910e+00 0.000e+00]
 [2.920e+02 2.920e+00 0.000e+00]
 [2.930e+02 2.930e+00 0.000e+00]
 [2.940e+02 2.940e+00 0.000e+00]
 [2.950e+02 2.950e+00 0.000e+00]
 [2.960e+02 2.960e+00 0.000e+00]
 [2.970e+02 2.970e+00 0.000e+00]
 [2.980e+02 2.980e+00 0.000e+00]
 [2.990e+02 2.990e+00 0.000e+00]
 [3.000e+02 3.000e+00 0.000e+00]
 [3.010e+02 3.010e+00 0.000e+00]
 [3.020e+02 3.020e+00 0.000e+00]
 [3.030e+02 3.030e+00 0.000e+00]
 [3.040e+02 3.040e+00 0.000e+00]
 [3.050e+02 3.050e+00 0.000e+00]
 [3.060e+02 3.060e+00 0.000e+00]
 [3.070e+02 3.070e+00 0.000e+00]
 [3.080e+02 3.080e+00 0.000e+00]
 [3.090e+02 3.090e+00 0.000e+00]
 [3.100e+02 3.100e+00 0.000e+00]
 [3.110e+02 3.110e+00 0.000e+00]
 [3.120e+02 3.120e+00 0.000e+00]
 [3.130e+02 3.130e+00 0.000e+00]
 [3.140e+02 3.140e+00 0.000e+00]
 [3.150e+02 3.150e+00 0.000e+00]
 [3.160e+02 3.160e+00 0.000e+00]
 [3.170e+02 3.170e+00 0.000e+00]
 [3.180e+02 3.180e+00 0.000e+00]
 [3.190e+02 3.190e+00 0.000e+00]
 [3.200e+02 3.200e+00 0.000e+00]
 [3.210e+02 3.210e+00 0.000e+00]
 [3.220e+02 3.220e+00 0.000e+00]
 [3.230e+02 3.230e+00 0.000e+00]
 [3.240e+02 3.240e+00 0.000e+00]
 [3.250e+02 3.250e+00 0.000e+00]
 [3.260e+02 3.260e+00 0.000e+00]
 [3.270e+02 3.270e+00 0.000e+00]
 [3.280e+02 3.280e+00 0.000e+00]
 [3.290e+02 3.290e+00 0.000e+00]
 [3.300e+02 3.300e+00 0.000e+00]
 [3.310e+02 3.310e+00 0.000e+00]
 [3.320e+02 3.320e+00 0.000e+00]
 [3.330e+02 3.330e+00 0.000e+00]
 [3.340e+02 3.340e+00 0.000e+00]
 [3.350e+02 3.350e+00 0.000e+00]
 [3.360e+02 3.360e+00 0.000e+00]
 [3.370e+02 3.370e+00 0.000e+00]
 [3.380e+02 3.380e+00 0.000e+00]
 [3.390e+02 3.390e+00 0.000e+00]
 [3.400e+02 3.400e+00 0.000e+00]
 [3.410e+02 3.410e+00 0.000e+00]
 [3.420e+02 3.420e+00 0.000e+00]
 [3.430e+02 3.430e+00 0.000e+00]
 [3.440e+02 3.440e+00 0.000e+00]
 [3.450e+02 3.450e+00 0.000e+00]
 [3.460e+02 3.460e+00 0.000e+00]
 [3.470e+02 3.470e+00 0.000e+00]
 [3.480e+02 3.480e+00 0.000e+00]
 [3.490e+02 3.490e+00 0.000e+00]
 [3.500e+02 3.500e+00 0.000e+00]
 [3.510e+02 3.510e+00 0.000e+00]
 [3.520e+02 3.520e+00 0.000e+00]
 [3.530e+02 3.530e+00 0.000e+00]
 [3.540e+02 3.540e+00 0.000e+00]
 [3.550e+02 3.550e+00 0.000e+00]
 [3.560e+02 3.560e+00 0.000e+00]
 [3.570e+02 3.570e+00 0.000e+00]
 [3.580e+02 3.580e+00 0.000e+00]
 [3.590e+02 3.590e+00 0.000e+00]
 [3.600e+02 3.600e+00 0.000e+00]
 [3.610e+02 3.610e+00 0.000e+00]
 [3.620e+02 3.620e+00 0.000e+00]
 [3.630e+02 3.630e+00 0.000e+00]
 [3.640e+02 3.640e+00 0.000e+00]
 [3.650e+02 3.650e+00 0.000e+00]
 [3.660e+02 3.660e+00 0.000e+00]
 [3.670e+02 3.670e+00 0.000e+00]
 [3.680e+02 3.680e+00 0.000e+00]
 [3.690e+02 3.690e+00 0.000e+00]
 [3.700e+02 3.700e+00 0.000e+00]
 [3.710e+02 3.710e+00 0.000e+00]
 [3.720e+02 3.720e+00 0.000e+00]
 [3.730e+02 3.730e+00 0.000e+00]
 [3.740e+02 3.740e+00 0.000e+00]
 [3.750e+02 3.750e+00 0.000e+00]
 [3.760e+02 3.760e+00 0.000e+00]
 [3.770e+02 3.770e+00 0.000e+00]
 [3.780e+02 3.780e+00 0.000e+00]
 [3.790e+02 3.790e+00 0.000e+00]
 [3.800e+02 3.800e+00 0.000e+00]
 [3.810e+02 3.810e+00 0.000e+00]
 [3.820e+02 3.820e+00 0.000e+00]
 [3.830e+02 3.830e+00 0.000e+00]
 [3.840e+02 3.840e+00 0.000e+00]
 [3.850e+02 3.850e+00 0.000e+00]
 [3.860e+02 3.860e+00 0.000e+00]
 [3.870e+02 3.870e+00 0.000e+00]
 [3.880e+02 3.880e+00 0.000e+00]
 [3.890e+02 3.890e+00 0.000e+00]
 [3.900e+02 3.900e+00 0.000e+00]
 [3.910e+02 3.910e+00 0.000e+00]
 [3.920e+02 3.920e+00 0.000e+00]
 [3.930e+02 3.930e+00 0.000e+00]
 [3.940e+02 3.940e+00 0.000e+00]
 [3.950e+02 3.950e+00 0.000e+00]
 [3.960e+02 3.960e+00 0.000e+00]
 [3.970e+02 3.970e+00 0.000e+00]
 [3.980e+02 3.980e+00 0.000e+00]
 [3.990e+02 3.990e+00 0.000e+00]
 [4.000e+02 4.000e+00 0.000e+00]
 [4.010e+02 4.010e+00 0.000e+00]
 [4.020e+02 4.020e+00 0.000e+00]
 [4.030e+02 4.030e+00 0.000e+00]
 [4.040e+02 4.040e+00 0.000e+00]
 [4.050e+02 4.050e+00 0.000e+00]
 [4.060e+02 4.060e+00 0.000e+00]
 [4.070e+02 4.070e+00 0.000e+00]
 [4.080e+02 4.080e+00 0.000e+00]
 [4.090e+02 4.090e+00 0.000e+00]
 [4.100e+02 4.100e+00 0.000e+00]
 [4.110e+02 4.110e+00 0.000e+00]
 [4.120e+02 4.120e+00 0.000e+00]
 [4.130e+02 4.130e+00 0.000e+00]
 [4.140e+02 4.140e+00 0.000e+00]
 [4.150e+02 4.150e+00 0.000e+00]
 [4.160e+02 4.160e+00 0.000e+00]
 [4.170e+02 4.170e+00 0.000e+00]
 [4.180e+02 4.180e+00 0.000e+00]
 [4.190e+02 4.190e+00 0.000e+00]
 [4.200e+02 4.200e+00 0.000e+00]
 [4.210e+02 4.210e+00 0.000e+00]
 [4.220e+02 4.220e+00 0.000e+00]
 [4.230e+02 4.230e+00 0.000e+00]
 [4.240e+02 4.240e+00 0.000e+00]
 [4.250e+02 4.250e+00 0.000e+00]
 [4.260e+02 4.260e+00 0.000e+00]
 [4.270e+02 4.270e+00 0.000e+00]
 [4.280e+02 4.280e+00 0.000e+00]
 [4.290e+02 4.290e+00 0.000e+00]
 [4.300e+02 4.300e+00 0.000e+00]
 [4.310e+02 4.310e+00 0.000e+00]
 [4.320e+02 4.320e+00 0.000e+00]
 [4.330e+02 4.330e+00 0.000e+00]
 [4.340e+02 4.340e+00 0.000e+00]
 [4.350e+02 4.350e+00 0.000e+00]
 [4.360e+02 4.360e+00 0.000e+00]
 [4.370e+02 4.370e+00 0.000e+00]
 [4.380e+02 4.380e+00 0.000e+00]
 [4.390e+02 4.390e+00 0.000e+00]
 [4.400e+02 4.400e+00 0.000e+00]
 [4.410e+02 4.410e+00 0.000e+00]
 [4.420e+02 4.420e+00 0.000e+00]
 [4.430e+02 4.430e+00 0.000e+00]
 [4.440e+02 4.440e+00 0.000e+00]
 [4.450e+02 4.450e+00 0.000e+00]
 [4.460e+02 4.460e+00 0.000e+00]
 [4.470e+02 4.470e+00 0.000e+00]
 [4.480e+02 4.480e+00 0.000e+00]
 [4.490e+02 4.490e+00 0.000e+00]
 [4.500e+02 4.500e+00 0.000e+00]
 [4.510e+02 4.510e+00 0.000e+00]
 [4.520e+02 4.520e+00 0.000e+00]
 [4.530e+02 4.530e+00 0.000e+00]
 [4.540e+02 4.540e+00 0.000e+00]
 [4.550e+02 4.550e+00 0.000e+00]
 [4.560e+02 4.560e+00 0.000e+00]
 [4.570e+02 4.570e+00 0.000e+00]
 [4.580e+02 4.580e+00 0.000e+00]
 [4.590e+02 4.590e+00 0.000e+00]
 [4.600e+02 4.600e+00 0.000e+00]
 [4.610e+02 4.610e+00 0.000e+00]
 [4.620e+02 4.620e+00 0.000e+00]
 [4.630e+02 4.630e+00 0.000e+00]
 [4.640e+02 4.640e+00 0.000e+00]
 [4.650e+02 4.650e+00 0.000e+00]
 [4.660e+02 4.660e+00 0.000e+00]
 [4.670e+02 4.670e+00 0.000e+00]
 [4.680e+02 4.680e+00 0.000e+00]
 [4.690e+02 4.690e+00 0.000e+00]
 [4.700e+02 4.700e+00 0.000e+00]
 [4.710e+02 4.710e+00 0.000e+00]
 [4.720e+02 4.720e+00 0.000e+00]
 [4.730e+02 4.730e+00 0.000e+00]
 [4.740e+02 4.740e+00 0.000e+00]
 [4.750e+02 4.750e+00 0.000e+00]
 [4.760e+02 4.760e+00 0.000e+00]
 [4.770e+02 4.770e+00 0.000e+00]
 [4.780e+02 4.780e+00 0.000e+00]
 [4.790e+02 4.790e+00 0.000e+00]
 [4.800e+02 4.800e+00 0.000e+00]
 [4.810e+02 4.810e+00 0.000e+00]
 [4.820e+02 4.820e+00 0.000e+00]
 [4.830e+02 4.830e+00 0.000e+00]
 [4.840e+02 4.840e+00 0.000e+00]
 [4.850e+02 4.850e+00 0.000e+00]
 [4.860e+02 4.860e+00 0.000e+00]
 [4.870e+02 4.870e+00 0.000e+00]
 [4.880e+02 4.880e+00 0.000e+00]
 [4.890e+02 4.890e+00 0.000e+00]
 [4.900e+02 4.900e+00 0.000e+00]
 [4.910e+02 4.910e+00 0.000e+00]
 [4.920e+02 4.920e+00 0.000e+00]
 [4.930e+02 4.930e+00 0.000e+00]
 [4.940e+02 4.940e+00 0.000e+00]
 [4.950e+02 4.950e+00 0.000e+00]
 [4.960e+02 4.960e+00 0.000e+00]
 [4.970e+02 4.970e+00 0.000e+00]
 [4.980e+02 4.980e+00 0.000e+00]
 [4.990e+02 4.990e+00 0.000e+00]
 [5.000e+02 5.000e+00 0.000e+00]
 [5.010e+02 5.010e+00 0.000e+00]
 [5.020e+02 5.020e+00 0.000e+00]
 [5.030e+02 5.030e+00 0.000e+00]
 [5.040e+02 5.040e+00 0.000e+00]
 [5.050e+02 5.050e+00 0.000e+00]
 [5.060e+02 5.060e+00 0.000e+00]
 [5.070e+02 5.070e+00 0.000e+00]
 [5.080e+02 5.080e+00 0.000e+00]
 [5.090e+02 5.090e+00 0.000e+00]
 [5.100e+02 5.100e+00 0.000e+00]
 [5.110e+02 5.110e+00 0.000e+00]
 [5.120e+02 5.120e+00 0.000e+00]
 [5.130e+02 5.130e+00 0.000e+00]
 [5.140e+02 5.140e+00 0.000e+00]
 [5.150e+02 5.150e+00 0.000e+00]
 [5.160e+02 5.160e+00 0.000e+00]
 [5.170e+02 5.170e+00 0.000e+00]
 [5.180e+02 5.180e+00 0.000e+00]
 [5.190e+02 5.190e+00 0.000e+00]
 [5.200e+02 5.200e+00 0.000e+00]
 [5.210e+02 5.210e+00 0.000e+00]
 [5.220e+02 5.220e+00 0.000e+00]
 [5.230e+02 5.230e+00 0.000e+00]
 [5.240e+02 5.240e+00 0.000e+00]
 [5.250e+02 5.250e+00 0.000e+00]
 [5.260e+02 5.260e+00 0.000e+00]
 [5.270e+02 5.270e+00 0.000e+00]
 [5.280e+02 5.280e+00 0.000e+00]
 [5.290e+02 5.290e+00 0.000e+00]
 [5.300e+02 5.300e+00 0.000e+00]
 [5.310e+02 5.310e+00 0.000e+00]
 [5.320e+02 5.320e+00 0.000e+00]
 [5.330e+02 5.330e+00 0.000e+00]
 [5.340e+02 5.340e+00 0.000e+00]
 [5.350e+02 5.350e+00 0.000e+00]
 [5.360e+02 5.360e+00 0.000e+00]
 [5.370e+02 5.370e+00 0.000e+00]
 [5.380e+02 5.380e+00 0.000e+00]
 [5.390e+02 5.390e+00 0.000e+00]
 [5.400e+02 5.400e+00 0.000e+00]
 [5.410e+02 5.410e+00 0.000e+00]
 [5.420e+02 5.420e+00 0.000e+00]
 [5.430e+02 5.430e+00 0.000e+00]
 [5.440e+02 5.440e+00 0.000e+00]
 [5.450e+02 5.450e+00 0.000e+00]
 [5.460e+02 5.460e+00 0.000e+00]
 [5.470e+02 5.470e+00 0.000e+00]
 [5.480e+02 5.480e+00 0.000e+00]
 [5.490e+02 5.490e+00 0.000e+00]
 [5.500e+02 5.500e+00 0.000e+00]
 [5.510e+02 5.510e+00 0.000e+00]
 [5.520e+02 5.520e+00 0.000e+00]
 [5.530e+02 5.530e+00 0.000e+00]
 [5.540e+02 5.540e+00 0.000e+00]
 [5.550e+02 5.550e+00 0.000e+00]
 [5.560e+02 5.560e+00 0.000e+00]
 [5.570e+02 5.570e+00 0.000e+00]
 [5.580e+02 5.580e+00 0.000e+00]
 [5.590e+02 5.590e+00 0.000e+00]
 [5.600e+02 5.600e+00 0.000e+00]
 [5.610e+02 5.610e+00 0.000e+00]
 [5.620e+02 5.620e+00 0.000e+00]
 [5.630e+02 5.630e+00 0.000e+00]
 [5.640e+02 5.640e+00 0.000e+00]
 [5.650e+02 5.650e+00 0.000e+00]
 [5.660e+02 5.660e+00 0.000e+00]
 [5.670e+02 5.670e+00 0.000e+00]
 [5.680e+02 5.680e+00 0.000e+00]
 [5.690e+02 5.690e+00 0.000e+00]
 [5.700e+02 5.700e+00 0.000e+00]
 [5.710e+02 5.710e+00 0.000e+00]
 [5.720e+02 5.720e+00 0.000e+00]
 [5.730e+02 5.730e+00 0.000e+00]
 [5.740e+02 5.740e+00 0.000e+00]
 [5.750e+02 5.750e+00 0.000e+00]
 [5.760e+02 5.760e+00 0.000e+00]
 [5.770e+02 5.770e+00 0.000e+00]
 [5.780e+02 5.780e+00 0.000e+00]
 [5.790e+02 5.790e+00 0.000e+00]
 [5.800e+02 5.800e+00 0.000e+00]
 [5.810e+02 5.810e+00 0.000e+00]
 [5.820e+02 5.820e+00 0.000e+00]
 [5.830e+02 5.830e+00 0.000e+00]
 [5.840e+02 5.840e+00 0.000e+00]
 [5.850e+02 5.850e+00 0.000e+00]
 [5.860e+02 5.860e+00 0.000e+00]
 [5.870e+02 5.870e+00 0.000e+00]
 [5.880e+02 5.880e+00 0.000e+00]
 [5.890e+02 5.890e+00 0.000e+00]
 [5.900e+02 5.900e+00 0.000e+00]
 [5.910e+02 5.910e+00 0.000e+00]
 [5.920e+02 5.920e+00 0.000e+00]
 [5.930e+02 5.930e+00 0.000e+00]
 [5.940e+02 5.940e+00 0.000e+00]
 [5.950e+02 5.950e+00 0.000e+00]
 [5.960e+02 5.960e+00 0.000e+00]
 [5.970e+02 5.970e+00 0.000e+00]
 [5.980e+02 5.980e+00 0.000e+00]
 [5.990e+02 5.990e+00 0.000e+00]
 [6.000e+02 6.000e+00 0.000e+00]
 [6.010e+02 6.010e+00 0.000e+00]
 [6.020e+02 6.020e+00 0.000e+00]
 [6.030e+02 6.030e+00 0.000e+00]
 [6.040e+02 6.040e+00 0.000e+00]
 [6.050e+02 6.050e+00 0.000e+00]
 [6.060e+02 6.060e+00 0.000e+00]
 [6.070e+02 6.070e+00 0.000e+00]
 [6.080e+02 6.080e+00 0.000e+00]
 [6.090e+02 6.090e+00 0.000e+00]
 [6.100e+02 6.100e+00 0.000e+00]
 [6.110e+02 6.110e+00 0.000e+00]
 [6.120e+02 6.120e+00 0.000e+00]
 [6.130e+02 6.130e+00 0.000e+00]
 [6.140e+02 6.140e+00 0.000e+00]
 [6.150e+02 6.150e+00 0.000e+00]
 [6.160e+02 6.160e+00 0.000e+00]
 [6.170e+02 6.170e+00 0.000e+00]
 [6.180e+02 6.180e+00 0.000e+00]
 [6.190e+02 6.190e+00 0.000e+00]
 [6.200e+02 6.200e+00 0.000e+00]
 [6.210e+02 6.210e+00 0.000e+00]
 [6.220e+02 6.220e+00 0.000e+00]
 [6.230e+02 6.230e+00 0.000e+00]
 [6.240e+02 6.240e+00 0.000e+00]
 [6.250e+02 6.250e+00 0.000e+00]
 [6.260e+02 6.260e+00 0.000e+00]
 [6.270e+02 6.270e+00 0.000e+00]
 [6.280e+02 6.280e+00 0.000e+00]
 [6.290e+02 6.290e+00 0.000e+00]
 [6.300e+02 6.300e+00 0.000e+00]
 [6.310e+02 6.310e+00 0.000e+00]
 [6.320e+02 6.320e+00 0.000e+00]
 [6.330e+02 6.330e+00 0.000e+00]
 [6.340e+02 6.340e+00 0.000e+00]
 [6.350e+02 6.350e+00 0.000e+00]
 [6.360e+02 6.360e+00 0.000e+00]
 [6.370e+02 6.370e+00 0.000e+00]
 [6.380e+02 6.380e+00 0.000e+00]
 [6.390e+02 6.390e+00 0.000e+00]
 [6.400e+02 6.400e+00 0.000e+00]
 [6.410e+02 6.410e+00 0.000e+00]
 [6.420e+02 6.420e+00 0.000e+00]
 [6.430e+02 6.430e+00 0.000e+00]
 [6.440e+02 6.440e+00 0.000e+00]
 [6.450e+02 6.450e+00 0.000e+00]
 [6.460e+02 6.460e+00 0.000e+00]
 [6.470e+02 6.470e+00 0.000e+00]
 [6.480e+02 6.480e+00 0.000e+00]
 [6.490e+02 6.490e+00 0.000e+00]
 [6.500e+02 6.500e+00 0.000e+00]
 [6.510e+02 6.510e+00 0.000e+00]
 [6.520e+02 6.520e+00 0.000e+00]
 [6.530e+02 6.530e+00 0.000e+00]
 [6.540e+02 6.540e+00 0.000e+00]
 [6.550e+02 6.550e+00 0.000e+00]
 [6.560e+02 6.560e+00 0.000e+00]
 [6.570e+02 6.570e+00 0.000e+00]
 [6.580e+02 6.580e+00 0.000e+00]
 [6.590e+02 6.590e+00 0.000e+00]
 [6.600e+02 6.600e+00 0.000e+00]
 [6.610e+02 6.610e+00 0.000e+00]
 [6.620e+02 6.620e+00 0.000e+00]
 [6.630e+02 6.630e+00 0.000e+00]
 [6.640e+02 6.640e+00 0.000e+00]
 [6.650e+02 6.650e+00 0.000e+00]
 [6.660e+02 6.660e+00 0.000e+00]
 [6.670e+02 6.670e+00 0.000e+00]
 [6.680e+02 6.680e+00 0.000e+00]
 [6.690e+02 6.690e+00 0.000e+00]
 [6.700e+02 6.700e+00 0.000e+00]
 [6.710e+02 6.710e+00 0.000e+00]
 [6.720e+02 6.720e+00 0.000e+00]
 [6.730e+02 6.730e+00 0.000e+00]
 [6.740e+02 6.740e+00 0.000e+00]
 [6.750e+02 6.750e+00 0.000e+00]
 [6.760e+02 6.760e+00 0.000e+00]
 [6.770e+02 6.770e+00 0.000e+00]
 [6.780e+02 6.780e+00 0.000e+00]
 [6.790e+02 6.790e+00 0.000e+00]
 [6.800e+02 6.800e+00 0.000e+00]
 [6.810e+02 6.810e+00 0.000e+00]
 [6.820e+02 6.820e+00 0.000e+00]
 [6.830e+02 6.830e+00 0.000e+00]
 [6.840e+02 6.840e+00 0.000e+00]
 [6.850e+02 6.850e+00 0.000e+00]
 [6.860e+02 6.860e+00 0.000e+00]
 [6.870e+02 6.870e+00 0.000e+00]
 [6.880e+02 6.880e+00 0.000e+00]
 [6.890e+02 6.890e+00 0.000e+00]
 [6.900e+02 6.900e+00 0.000e+00]
 [6.910e+02 6.910e+00 0.000e+00]
 [6.920e+02 6.920e+00 0.000e+00]
 [6.930e+02 6.930e+00 0.000e+00]
 [6.940e+02 6.940e+00 0.000e+00]
 [6.950e+02 6.950e+00 0.000e+00]
 [6.960e+02 6.960e+00 0.000e+00]
 [6.970e+02 6.970e+00 0.000e+00]
 [6.980e+02 6.980e+00 0.000e+00]
 [6.990e+02 6.990e+00 0.000e+00]
 [7.000e+02 7.000e+00 0.000e+00]
 [7.010e+02 7.010e+00 0.000e+00]
 [7.020e+02 7.020e+00 0.000e+00]
 [7.030e+02 7.030e+00 0.000e+00]
 [7.040e+02 7.040e+00 0.000e+00]
 [7.050e+02 7.050e+00 0.000e+00]
 [7.060e+02 7.060e+00 0.000e+00]
 [7.070e+02 7.070e+00 0.000e+00]
 [7.080e+02 7.080e+00 0.000e+00]
 [7.090e+02 7.090e+00 0.000e+00]
 [7.100e+02 7.100e+00 0.000e+00]
 [7.110e+02 7.110e+00 0.000e+00]
 [7.120e+02 7.120e+00 0.000e+00]
 [7.130e+02 7.130e+00 0.000e+00]
 [7.140e+02 7.140e+00 0.000e+00]
 [7.150e+02 7.150e+00 0.000e+00]
 [7.160e+02 7.160e+00 0.000e+00]
 [7.170e+02 7.170e+00 0.000e+00]
 [7.180e+02 7.180e+00 0.000e+00]
 [7.190e+02 7.190e+00 0.000e+00]
 [7.200e+02 7.200e+00 0.000e+00]
 [7.210e+02 7.210e+00 0.000e+00]
 [7.220e+02 7.220e+00 0.000e+00]
 [7.230e+02 7.230e+00 0.000e+00]
 [7.240e+02 7.240e+00 0.000e+00]
 [7.250e+02 7.250e+00 0.000e+00]
 [7.260e+02 7.260e+00 0.000e+00]
 [7.270e+02 7.270e+00 0.000e+00]
 [7.280e+02 7.280e+00 0.000e+00]
 [7.290e+02 7.290e+00 0.000e+00]
 [7.300e+02 7.300e+00 0.000e+00]
 [7.310e+02 7.310e+00 0.000e+00]
 [7.320e+02 7.320e+00 0.000e+00]
 [7.330e+02 7.330e+00 0.000e+00]
 [7.340e+02 7.340e+00 0.000e+00]
 [7.350e+02 7.350e+00 0.000e+00]
 [7.360e+02 7.360e+00 0.000e+00]
 [7.370e+02 7.370e+00 0.000e+00]
 [7.380e+02 7.380e+00 0.000e+00]
 [7.390e+02 7.390e+00 0.000e+00]
 [7.400e+02 7.400e+00 0.000e+00]
 [7.410e+02 7.410e+00 0.000e+00]
 [7.420e+02 7.420e+00 0.000e+00]
 [7.430e+02 7.430e+00 0.000e+00]
 [7.440e+02 7.440e+00 0.000e+00]
 [7.450e+02 7.450e+00 0.000e+00]
 [7.460e+02 7.460e+00 0.000e+00]
 [7.470e+02 7.470e+00 0.000e+00]
 [7.480e+02 7.480e+00 0.000e+00]
 [7.490e+02 7.490e+00 0.000e+00]
 [7.500e+02 7.500e+00 0.000e+00]
 [7.510e+02 7.510e+00 0.000e+00]
 [7.520e+02 7.520e+00 0.000e+00]
 [7.530e+02 7.530e+00 0.000e+00]
 [7.540e+02 7.540e+00 0.000e+00]
 [7.550e+02 7.550e+00 0.000e+00]
 [7.560e+02 7.560e+00 0.000e+00]
 [7.570e+02 7.570e+00 0.000e+00]
 [7.580e+02 7.580e+00 0.000e+00]
 [7.590e+02 7.590e+00 0.000e+00]
 [7.600e+02 7.600e+00 0.000e+00]
 [7.610e+02 7.610e+00 0.000e+00]
 [7.620e+02 7.620e+00 0.000e+00]
 [7.630e+02 7.630e+00 0.000e+00]
 [7.640e+02 7.640e+00 0.000e+00]
 [7.650e+02 7.650e+00 0.000e+00]
 [7.660e+02 7.660e+00 0.000e+00]
 [7.670e+02 7.670e+00 0.000e+00]
 [7.680e+02 7.680e+00 0.000e+00]
 [7.690e+02 7.690e+00 0.000e+00]
 [7.700e+02 7.700e+00 0.000e+00]
 [7.710e+02 7.710e+00 0.000e+00]
 [7.720e+02 7.720e+00 0.000e+00]
 [7.730e+02 7.730e+00 0.000e+00]
 [7.740e+02 7.740e+00 0.000e+00]
 [7.750e+02 7.750e+00 0.000e+00]
 [7.760e+02 7.760e+00 0.000e+00]
 [7.770e+02 7.770e+00 0.000e+00]
 [7.780e+02 7.780e+00 0.000e+00]
 [7.790e+02 7.790e+00 0.000e+00]
 [7.800e+02 7.800e+00 0.000e+00]
 [7.810e+02 7.810e+00 0.000e+00]
 [7.820e+02 7.820e+00 0.000e+00]
 [7.830e+02 7.830e+00 0.000e+00]
 [7.840e+02 7.840e+00 0.000e+00]
 [7.850e+02 7.850e+00 0.000e+00]
 [7.860e+02 7.860e+00 0.000e+00]
 [7.870e+02 7.870e+00 0.000e+00]
 [7.880e+02 7.880e+00 0.000e+00]
 [7.890e+02 7.890e+00 0.000e+00]
 [7.900e+02 7.900e+00 0.000e+00]
 [7.910e+02 7.910e+00 0.000e+00]
 [7.920e+02 7.920e+00 0.000e+00]
 [7.930e+02 7.930e+00 0.000e+00]
 [7.940e+02 7.940e+00 0.000e+00]
 [7.950e+02 7.950e+00 0.000e+00]
 [7.960e+02 7.960e+00 0.000e+00]
 [7.970e+02 7.970e+00 0.000e+00]
 [7.980e+02 7.980e+00 0.000e+00]
 [7.990e+02 7.990e+00 0.000e+00]
 [8.000e+02 8.000e+00 0.000e+00]
 [8.010e+02 8.010e+00 0.000e+00]
 [8.020e+02 8.020e+00 0.000e+00]
 [8.030e+02 8.030e+00 0.000e+00]
 [8.040e+02 8.040e+00 0.000e+00]
 [8.050e+02 8.050e+00 0.000e+00]
 [8.060e+02 8.060e+00 0.000e+00]
 [8.070e+02 8.070e+00 0.000e+00]
 [8.080e+02 8.080e+00 0.000e+00]
 [8.090e+02 8.090e+00 0.000e+00]
 [8.100e+02 8.100e+00 0.000e+00]
 [8.110e+02 8.110e+00 0.000e+00]
 [8.120e+02 8.120e+00 0.000e+00]
 [8.130e+02 8.130e+00 0.000e+00]
 [8.140e+02 8.140e+00 0.000e+00]
 [8.150e+02 8.150e+00 0.000e+00]
 [8.160e+02 8.160e+00 0.000e+00]
 [8.170e+02 8.170e+00 0.000e+00]
 [8.180e+02 8.180e+00 0.000e+00]
 [8.190e+02 8.190e+00 0.000e+00]
 [8.200e+02 8.200e+00 0.000e+00]
 [8.210e+02 8.210e+00 0.000e+00]
 [8.220e+02 8.220e+00 0.000e+00]
 [8.230e+02 8.230e+00 0.000e+00]
 [8.240e+02 8.240e+00 0.000e+00]
 [8.250e+02 8.250e+00 0.000e+00]
 [8.260e+02 8.260e+00 0.000e+00]
 [8.270e+02 8.270e+00 0.000e+00]
 [8.280e+02 8.280e+00 0.000e+00]
 [8.290e+02 8.290e+00 0.000e+00]
 [8.300e+02 8.300e+00 0.000e+00]
 [8.310e+02 8.310e+00 0.000e+00]
 [8.320e+02 8.320e+00 0.000e+00]
 [8.330e+02 8.330e+00 0.000e+00]
 [8.340e+02 8.340e+00 0.000e+00]
 [8.350e+02 8.350e+00 0.000e+00]
 [8.360e+02 8.360e+00 0.000e+00]
 [8.370e+02 8.370e+00 0.000e+00]
 [8.380e+02 8.380e+00 0.000e+00]
 [8.390e+02 8.390e+00 0.000e+00]
 [8.400e+02 8.400e+00 0.000e+00]
 [8.410e+02 8.410e+00 0.000e+00]
 [8.420e+02 8.420e+00 0.000e+00]
 [8.430e+02 8.430e+00 0.000e+00]
 [8.440e+02 8.440e+00 0.000e+00]
 [8.450e+02 8.450e+00 0.000e+00]
 [8.460e+02 8.460e+00 0.000e+00]
 [8.470e+02 8.470e+00 0.000e+00]
 [8.480e+02 8.480e+00 0.000e+00]
 [8.490e+02 8.490e+00 0.000e+00]
 [8.500e+02 8.500e+00 0.000e+00]
 [8.510e+02 8.510e+00 0.000e+00]
 [8.520e+02 8.520e+00 0.000e+00]
 [8.530e+02 8.530e+00 0.000e+00]
 [8.540e+02 8.540e+00 0.000e+00]
 [8.550e+02 8.550e+00 0.000e+00]
 [8.560e+02 8.560e+00 0.000e+00]
 [8.570e+02 8.570e+00 0.000e+00]
 [8.580e+02 8.580e+00 0.000e+00]
 [8.590e+02 8.590e+00 0.000e+00]
 [8.600e+02 8.600e+00 0.000e+00]
 [8.610e+02 8.610e+00 0.000e+00]
 [8.620e+02 8.620e+00 0.000e+00]
 [8.630e+02 8.630e+00 0.000e+00]
 [8.640e+02 8.640e+00 0.000e+00]
 [8.650e+02 8.650e+00 0.000e+00]
 [8.660e+02 8.660e+00 0.000e+00]
 [8.670e+02 8.670e+00 0.000e+00]
 [8.680e+02 8.680e+00 0.000e+00]
 [8.690e+02 8.690e+00 0.000e+00]
 [8.700e+02 8.700e+00 0.000e+00]
 [8.710e+02 8.710e+00 0.000e+00]
 [8.720e+02 8.720e+00 0.000e+00]
 [8.730e+02 8.730e+00 0.000e+00]
 [8.740e+02 8.740e+00 0.000e+00]
 [8.750e+02 8.750e+00 0.000e+00]
 [8.760e+02 8.760e+00 0.000e+00]
 [8.770e+02 8.770e+00 0.000e+00]
 [8.780e+02 8.780e+00 0.000e+00]
 [8.790e+02 8.790e+00 0.000e+00]
 [8.800e+02 8.800e+00 0.000e+00]
 [8.810e+02 8.810e+00 0.000e+00]
 [8.820e+02 8.820e+00 0.000e+00]
 [8.830e+02 8.830e+00 0.000e+00]
 [8.840e+02 8.840e+00 0.000e+00]
 [8.850e+02 8.850e+00 0.000e+00]
 [8.860e+02 8.860e+00 0.000e+00]
 [8.870e+02 8.870e+00 0.000e+00]
 [8.880e+02 8.880e+00 0.000e+00]
 [8.890e+02 8.890e+00 0.000e+00]
 [8.900e+02 8.900e+00 0.000e+00]
 [8.910e+02 8.910e+00 0.000e+00]
 [8.920e+02 8.920e+00 0.000e+00]
 [8.930e+02 8.930e+00 0.000e+00]
 [8.940e+02 8.940e+00 0.000e+00]
 [8.950e+02 8.950e+00 0.000e+00]
 [8.960e+02 8.960e+00 0.000e+00]
 [8.970e+02 8.970e+00 0.000e+00]
 [8.980e+02 8.980e+00 0.000e+00]
 [8.990e+02 8.990e+00 0.000e+00]
 [9.000e+02 9.000e+00 0.000e+00]
 [9.010e+02 9.010e+00 0.000e+00]
 [9.020e+02 9.020e+00 0.000e+00]
 [9.030e+02 9.030e+00 0.000e+00]
 [9.040e+02 9.040e+00 0.000e+00]
 [9.050e+02 9.050e+00 0.000e+00]
 [9.060e+02 9.060e+00 0.000e+00]
 [9.070e+02 9.070e+00 0.000e+00]
 [9.080e+02 9.080e+00 0.000e+00]
 [9.090e+02 9.090e+00 0.000e+00]
 [9.100e+02 9.100e+00 0.000e+00]
 [9.110e+02 9.110e+00 0.000e+00]
 [9.120e+02 9.120e+00 0.000e+00]
 [9.130e+02 9.130e+00 0.000e+00]
 [9.140e+02 9.140e+00 0.000e+00]
 [9.150e+02 9.150e+00 0.000e+00]
 [9.160e+02 9.160e+00 0.000e+00]
 [9.170e+02 9.170e+00 0.000e+00]
 [9.180e+02 9.180e+00 0.000e+00]
 [9.190e+02 9.190e+00 0.000e+00]
 [9.200e+02 9.200e+00 0.000e+00]
 [9.210e+02 9.210e+00 0.000e+00]
 [9.220e+02 9.220e+00 0.000e+00]
 [9.230e+02 9.230e+00 0.000e+00]
 [9.240e+02 9.240e+00 0.000e+00]
 [9.250e+02 9.250e+00 0.000e+00]
 [9.260e+02 9.260e+00 0.000e+00]
 [9.270e+02 9.270e+00 0.000e+00]
 [9.280e+02 9.280e+00 0.000e+00]
 [9.290e+02 9.290e+00 0.000e+00]
 [9.300e+02 9.300e+00 0.000e+00]
 [9.310e+02 9.310e+00 0.000e+00]
 [9.320e+02 9.320e+00 0.000e+00]
 [9.330e+02 9.330e+00 0.000e+00]
 [9.340e+02 9.340e+00 0.000e+00]
 [9.350e+02 9.350e+00 0.000e+00]
 [9.360e+02 9.360e+00 0.000e+00]
 [9.370e+02 9.370e+00 0.000e+00]
 [9.380e+02 9.380e+00 0.000e+00]
 [9.390e+02 9.390e+00 0.000e+00]
 [9.400e+02 9.400e+00 0.000e+00]
 [9.410e+02 9.410e+00 0.000e+00]
 [9.420e+02 9.420e+00 0.000e+00]
 [9.430e+02 9.430e+00 0.000e+00]
 [9.440e+02 9.440e+00 0.000e+00]
 [9.450e+02 9.450e+00 0.000e+00]
 [9.460e+02 9.460e+00 0.000e+00]
 [9.470e+02 9.470e+00 0.000e+00]
 [9.480e+02 9.480e+00 0.000e+00]
 [9.490e+02 9.490e+00 0.000e+00]
 [9.500e+02 9.500e+00 0.000e+00]
 [9.510e+02 9.510e+00 0.000e+00]
 [9.520e+02 9.520e+00 0.000e+00]
 [9.530e+02 9.530e+00 0.000e+00]
 [9.540e+02 9.540e+00 0.000e+00]
 [9.550e+02 9.550e+00 0.000e+00]
 [9.560e+02 9.560e+00 0.000e+00]
 [9.570e+02 9.570e+00 0.000e+00]
 [9.580e+02 9.580e+00 0.000e+00]
 [9.590e+02 9.590e+00 0.000e+00]
 [9.600e+02 9.600e+00 0.000e+00]
 [9.610e+02 9.610e+00 0.000e+00]
 [9.620e+02 9.620e+00 0.000e+00]
 [9.630e+02 9.630e+00 0.000e+00]
 [9.640e+02 9.640e+00 0.000e+00]
 [9.650e+02 9.650e+00 0.000e+00]
 [9.660e+02 9.660e+00 0.000e+00]
 [9.670e+02 9.670e+00 0.000e+00]
 [9.680e+02 9.680e+00 0.000e+00]
 [9.690e+02 9.690e+00 0.000e+00]
 [9.700e+02 9.700e+00 0.000e+00]
 [9.710e+02 9.710e+00 0.000e+00]
 [9.720e+02 9.720e+00 0.000e+00]
 [9.730e+02 9.730e+00 0.000e+00]
 [9.740e+02 9.740e+00 0.000e+00]
 [9.750e+02 9.750e+00 0.000e+00]
 [9.760e+02 9.760e+00 0.000e+00]
 [9.770e+02 9.770e+00 0.000e+00]
 [9.780e+02 9.780e+00 0.000e+00]
 [9.790e+02 9.790e+00 0.000e+00]
 [9.800e+02 9.800e+00 0.000e+00]
 [9.810e+02 9.810e+00 0.000e+00]
 [9.820e+02 9.820e+00 0.000e+00]
 [9.830e+02 9.830e+00 0.000e+00]
 [9.840e+02 9.840e+00 0.000e+00]
 [9.850e+02 9.850e+00 0.000e+00]
 [9.860e+02 9.860e+00 0.000e+00]
 [9.870e+02 9.870e+00 0.000e+00]
 [9.880e+02 9.880e+00 0.000e+00]
 [9.890e+02 9.890e+00 0.000e+00]
 [9.900e+02 9.900e+00 0.000e+00]
 [9.910e+02 9.910e+00 0.000e+00]
 [9.920e+02 9.920e+00 0.000e+00]
 [9.930e+02 9.930e+00 0.000e+00]
 [9.940e+02 9.940e+00 0.000e+00]
 [9.950e+02 9.950e+00 0.000e+00]
 [9.960e+02 9.960e+00 0.000e+00]
 [9.970e+02 9.970e+00 0.000e+00]
 [9.980e+02 9.980e+00 0.000e+00]
 [9.990e+02 9.990e+00 0.000e+00]
 [1.000e+03 1.000e+01 0.000e+00]
 [1.001e+03 1.001e+01 0.000e+00]
 [1.002e+03 1.002e+01 0.000e+00]
 [1.003e+03 1.003e+01 0.000e+00]
 [1.004e+03 1.004e+01 0.000e+00]
 [1.005e+03 1.005e+01 0.000e+00]
 [1.006e+03 1.006e+01 0.000e+00]
 [1.007e+03 1.007e+01 0.000e+00]
 [1.008e+03 1.008e+01 0.000e+00]
 [1.009e+03 1.009e+01 0.000e+00]
 [1.010e+03 1.010e+01 0.000e+00]
 [1.011e+03 1.011e+01 0.000e+00]
 [1.012e+03 1.012e+01 0.000e+00]
 [1.013e+03 1.013e+01 0.000e+00]
 [1.014e+03 1.014e+01 0.000e+00]
 [1.015e+03 1.015e+01 0.000e+00]
 [1.016e+03 1.016e+01 0.000e+00]
 [1.017e+03 1.017e+01 0.000e+00]
 [1.018e+03 1.018e+01 0.000e+00]
 [1.019e+03 1.019e+01 0.000e+00]
 [1.020e+03 1.020e+01 0.000e+00]
 [1.021e+03 1.021e+01 0.000e+00]
 [1.022e+03 1.022e+01 0.000e+00]
 [1.023e+03 1.023e+01 0.000e+00]
 [1.024e+03 1.024e+01 0.000e+00]
 [1.025e+03 1.025e+01 0.000e+00]
 [1.026e+03 1.026e+01 0.000e+00]
 [1.027e+03 1.027e+01 0.000e+00]
 [1.028e+03 1.028e+01 0.000e+00]
 [1.029e+03 1.029e+01 0.000e+00]
 [1.030e+03 1.030e+01 0.000e+00]
 [1.031e+03 1.031e+01 0.000e+00]
 [1.032e+03 1.032e+01 0.000e+00]
 [1.033e+03 1.033e+01 0.000e+00]
 [1.034e+03 1.034e+01 0.000e+00]
 [1.035e+03 1.035e+01 0.000e+00]
 [1.036e+03 1.036e+01 0.000e+00]
 [1.037e+03 1.037e+01 0.000e+00]
 [1.038e+03 1.038e+01 0.000e+00]
 [1.039e+03 1.039e+01 0.000e+00]
 [1.040e+03 1.040e+01 0.000e+00]
 [1.041e+03 1.041e+01 0.000e+00]
 [1.042e+03 1.042e+01 0.000e+00]
 [1.043e+03 1.043e+01 0.000e+00]
 [1.044e+03 1.044e+01 0.000e+00]
 [1.045e+03 1.045e+01 0.000e+00]
 [1.046e+03 1.046e+01 0.000e+00]
 [1.047e+03 1.047e+01 0.000e+00]
 [1.048e+03 1.048e+01 0.000e+00]
 [1.049e+03 1.049e+01 0.000e+00]
 [1.050e+03 1.050e+01 0.000e+00]
 [1.051e+03 1.051e+01 0.000e+00]
 [1.052e+03 1.052e+01 0.000e+00]
 [1.053e+03 1.053e+01 0.000e+00]
 [1.054e+03 1.054e+01 0.000e+00]
 [1.055e+03 1.055e+01 0.000e+00]
 [1.056e+03 1.056e+01 0.000e+00]
 [1.057e+03 1.057e+01 0.000e+00]
 [1.058e+03 1.058e+01 0.000e+00]
 [1.059e+03 1.059e+01 0.000e+00]
 [1.060e+03 1.060e+01 0.000e+00]
 [1.061e+03 1.061e+01 0.000e+00]
 [1.062e+03 1.062e+01 0.000e+00]
 [1.063e+03 1.063e+01 0.000e+00]
 [1.064e+03 1.064e+01 0.000e+00]
 [1.065e+03 1.065e+01 0.000e+00]
 [1.066e+03 1.066e+01 0.000e+00]
 [1.067e+03 1.067e+01 0.000e+00]
 [1.068e+03 1.068e+01 0.000e+00]
 [1.069e+03 1.069e+01 0.000e+00]
 [1.070e+03 1.070e+01 0.000e+00]
 [1.071e+03 1.071e+01 0.000e+00]
 [1.072e+03 1.072e+01 0.000e+00]
 [1.073e+03 1.073e+01 0.000e+00]
 [1.074e+03 1.074e+01 0.000e+00]
 [1.075e+03 1.075e+01 0.000e+00]
 [1.076e+03 1.076e+01 0.000e+00]
 [1.077e+03 1.077e+01 0.000e+00]
 [1.078e+03 1.078e+01 0.000e+00]
 [1.079e+03 1.079e+01 0.000e+00]
 [1.080e+03 1.080e+01 0.000e+00]
 [1.081e+03 1.081e+01 0.000e+00]
 [1.082e+03 1.082e+01 0.000e+00]
 [1.083e+03 1.083e+01 0.000e+00]
 [1.084e+03 1.084e+01 0.000e+00]
 [1.085e+03 1.085e+01 0.000e+00]
 [1.086e+03 1.086e+01 0.000e+00]
 [1.087e+03 1.087e+01 0.000e+00]
 [1.088e+03 1.088e+01 0.000e+00]
 [1.089e+03 1.089e+01 0.000e+00]
 [1.090e+03 1.090e+01 0.000e+00]
 [1.091e+03 1.091e+01 0.000e+00]
 [1.092e+03 1.092e+01 0.000e+00]
 [1.093e+03 1.093e+01 0.000e+00]
 [1.094e+03 1.094e+01 0.000e+00]
 [1.095e+03 1.095e+01 0.000e+00]
 [1.096e+03 1.096e+01 0.000e+00]
 [1.097e+03 1.097e+01 0.000e+00]
 [1.098e+03 1.098e+01 0.000e+00]
 [1.099e+03 1.099e+01 0.000e+00]
 [1.100e+03 1.100e+01 0.000e+00]
 [1.101e+03 1.101e+01 0.000e+00]
 [1.102e+03 1.102e+01 0.000e+00]
 [1.103e+03 1.103e+01 0.000e+00]
 [1.104e+03 1.104e+01 0.000e+00]
 [1.105e+03 1.105e+01 0.000e+00]
 [1.106e+03 1.106e+01 0.000e+00]
 [1.107e+03 1.107e+01 0.000e+00]
 [1.108e+03 1.108e+01 0.000e+00]
 [1.109e+03 1.109e+01 0.000e+00]
 [1.110e+03 1.110e+01 0.000e+00]
 [1.111e+03 1.111e+01 0.000e+00]
 [1.112e+03 1.112e+01 0.000e+00]
 [1.113e+03 1.113e+01 0.000e+00]
 [1.114e+03 1.114e+01 0.000e+00]
 [1.115e+03 1.115e+01 0.000e+00]
 [1.116e+03 1.116e+01 0.000e+00]
 [1.117e+03 1.117e+01 0.000e+00]
 [1.118e+03 1.118e+01 0.000e+00]
 [1.119e+03 1.119e+01 0.000e+00]
 [1.120e+03 1.120e+01 0.000e+00]
 [1.121e+03 1.121e+01 0.000e+00]
 [1.122e+03 1.122e+01 0.000e+00]
 [1.123e+03 1.123e+01 0.000e+00]
 [1.124e+03 1.124e+01 0.000e+00]]
